50 54
231 35 458 198 370 461 38 64 472 491 40 254 225 208 325 211 212 476 464 471 288 494 162 175 481 343 257 402 281 83 98 367 132 214 445 151 230 246 421 76 9 129 43 142 202 249 159 347 495 66 
1 35 175
2 98 458
3 64 421
4 464 471
5 35 491
6 76 494
7 175 281
8 43 162
9 491 494
10 38 458
11 66 464
12 151 202
13 175 325
14 98 202
15 64 132
16 472 481
17 76 142
18 257 343
19 198 402
20 202 472
21 162 175
22 347 461
23 214 472
24 43 66
25 159 162
26 83 208
27 421 481
28 208 257
29 257 472
30 246 421
31 445 491
32 288 370
33 76 461
34 9 211
35 132 159
36 40 472
37 98 231
38 132 246
39 38 129
40 249 281
41 64 421
42 83 132
43 142 208
44 230 421
45 402 494
46 132 347
47 458 476
48 132 162
49 175 225
50 159 257
51 132 281
52 367 481
53 288 471
54 402 445
