100 978
0 2 34
0 27 59
0 45 83
0 55 60
0 79 87
0 85 84
0 91 100
0 98 68
1 6 23
1 18 20
1 25 97
1 29 18
1 38 10
1 42 39
1 52 73
1 58 5
1 61 60
1 68 92
1 74 4
1 77 100
1 81 6
1 85 6
1 86 59
1 87 19
2 6 47
2 7 38
2 12 40
2 14 90
2 15 35
2 17 80
2 22 50
2 23 86
2 26 2
2 30 44
2 37 15
2 48 67
2 49 95
2 50 91
2 57 80
2 71 32
2 82 20
2 88 59
2 89 36
3 7 30
3 11 92
3 15 22
3 19 33
3 21 99
3 23 98
3 29 6
3 46 4
3 47 1
3 55 58
3 62 17
3 63 65
3 68 50
3 69 91
3 73 98
3 77 75
3 79 71
3 81 58
3 86 40
3 88 53
3 89 83
3 91 8
3 93 65
4 20 87
4 22 82
4 26 6
4 29 39
4 35 83
4 36 28
4 52 58
4 61 55
4 74 68
4 86 56
4 99 71
5 7 90
5 11 69
5 12 65
5 15 24
5 17 85
5 18 47
5 25 21
5 30 38
5 33 59
5 38 4
5 43 83
5 44 83
5 61 64
5 62 79
5 65 29
5 67 37
5 88 79
5 91 29
5 96 98
5 98 27
6 13 73
6 22 25
6 24 39
6 25 78
6 26 78
6 33 7
6 45 64
6 46 75
6 51 79
6 58 86
6 68 25
6 72 81
6 74 93
6 75 25
6 78 86
6 82 47
6 85 7
7 13 77
7 19 37
7 21 100
7 26 65
7 29 49
7 35 25
7 37 61
7 43 85
7 58 85
7 61 28
7 63 78
7 64 94
7 69 34
7 76 87
7 78 40
7 82 79
7 90 65
7 92 62
7 94 94
7 96 98
8 19 43
8 20 47
8 35 8
8 37 52
8 40 6
8 42 42
8 45 73
8 47 62
8 49 11
8 53 67
8 54 70
8 66 42
8 67 45
8 73 25
8 80 17
8 83 17
8 89 73
8 91 94
8 93 68
8 97 62
9 12 58
9 13 70
9 19 83
9 20 41
9 23 99
9 26 85
9 29 42
9 41 73
9 43 60
9 46 69
9 49 89
9 60 32
9 66 79
9 67 65
9 74 68
9 78 99
9 79 32
9 83 12
9 89 46
9 91 65
9 93 37
9 95 32
9 99 8
10 11 7
10 12 39
10 13 76
10 17 6
10 18 40
10 27 23
10 28 41
10 36 18
10 39 64
10 40 24
10 42 30
10 58 79
10 60 26
10 61 13
10 62 15
10 67 11
10 74 97
10 75 73
10 78 71
10 83 92
10 95 69
10 97 48
10 99 41
11 26 73
11 27 36
11 31 41
11 37 24
11 38 49
11 45 13
11 50 13
11 52 82
11 58 52
11 59 44
11 65 36
11 70 43
11 72 34
11 80 31
11 82 3
11 84 18
11 89 39
11 90 37
11 95 14
11 96 22
11 97 61
12 13 13
12 16 51
12 17 18
12 28 100
12 29 4
12 31 33
12 40 93
12 45 69
12 49 29
12 52 66
12 61 4
12 63 94
12 68 40
12 73 11
12 79 46
12 81 23
12 92 76
12 93 4
13 14 28
13 16 74
13 21 70
13 30 44
13 31 3
13 35 99
13 36 47
13 38 9
13 44 84
13 56 82
13 66 96
13 69 82
13 76 78
13 79 9
13 81 47
13 89 7
13 93 24
13 95 98
14 26 5
14 27 74
14 31 56
14 37 15
14 43 21
14 51 26
14 52 33
14 53 6
14 58 93
14 59 44
14 63 31
14 64 45
14 68 56
14 72 64
14 74 8
14 77 27
14 78 40
14 79 80
14 81 30
14 86 37
14 90 19
14 91 88
14 95 19
14 96 77
14 97 20
15 23 30
15 24 26
15 27 68
15 29 14
15 32 15
15 37 59
15 38 99
15 60 86
15 61 27
15 65 51
15 69 31
15 73 35
15 75 45
15 79 76
15 84 25
15 88 59
15 99 84
16 22 19
16 32 59
16 36 76
16 40 41
16 47 69
16 50 32
16 52 24
16 55 53
16 64 58
16 66 48
16 67 86
16 70 46
16 81 69
16 82 77
16 83 48
16 88 63
16 92 15
16 93 7
16 97 68
16 98 71
16 99 69
17 22 100
17 25 4
17 26 71
17 30 87
17 31 18
17 34 95
17 35 23
17 39 43
17 52 33
17 53 33
17 56 78
17 62 50
17 76 90
17 83 74
17 84 61
17 88 70
17 94 48
17 96 12
18 29 68
18 41 93
18 44 68
18 50 1
18 57 20
18 63 27
18 68 15
18 73 33
18 77 93
18 78 8
18 79 5
18 83 85
18 92 29
18 96 73
19 24 93
19 28 68
19 36 30
19 38 63
19 42 35
19 47 19
19 50 25
19 59 54
19 72 65
19 80 79
19 86 88
19 90 90
19 98 87
19 99 17
20 24 32
20 27 70
20 35 64
20 42 91
20 45 11
20 51 50
20 54 70
20 55 18
20 56 23
20 60 78
20 65 7
20 69 8
20 79 51
20 86 3
20 94 76
20 98 39
21 24 70
21 25 76
21 28 19
21 31 86
21 34 43
21 35 25
21 36 58
21 44 84
21 53 57
21 54 96
21 64 69
21 65 100
21 69 42
21 70 90
21 75 42
21 82 31
21 88 52
21 94 38
21 96 88
22 28 59
22 29 26
22 33 72
22 34 88
22 35 89
22 36 45
22 41 72
22 45 31
22 49 25
22 57 23
22 72 15
22 73 32
22 74 13
22 78 84
22 84 49
22 97 20
23 30 98
23 42 58
23 43 51
23 54 71
23 61 36
23 64 6
23 68 19
23 69 25
23 80 85
23 85 85
23 87 8
23 91 90
23 97 22
24 29 20
24 44 55
24 45 23
24 52 14
24 62 32
24 63 80
24 70 41
24 77 54
24 79 67
24 82 56
24 94 72
24 96 93
25 29 81
25 32 70
25 36 26
25 46 74
25 48 64
25 51 49
25 52 31
25 71 94
25 75 47
25 78 71
25 84 77
25 89 56
25 98 71
26 29 73
26 35 11
26 36 27
26 38 10
26 47 89
26 52 68
26 54 28
26 61 100
26 68 9
26 70 80
26 71 69
26 72 15
26 83 8
26 84 69
26 86 90
26 95 26
26 99 30
27 29 96
27 32 40
27 41 20
27 51 91
27 54 2
27 58 57
27 63 8
27 69 54
27 73 92
27 74 83
27 80 73
27 84 54
27 88 29
27 89 75
27 95 14
27 96 60
28 31 38
28 44 50
28 68 100
28 71 54
28 73 29
28 78 65
28 81 61
28 92 54
29 33 53
29 35 23
29 39 33
29 43 27
29 51 22
29 56 30
29 58 100
29 65 71
29 75 17
29 79 43
29 83 32
29 87 4
29 92 54
29 96 17
29 97 80
29 99 47
30 31 98
30 35 33
30 52 46
30 67 3
30 77 72
30 78 80
30 82 74
30 84 94
30 89 26
30 95 26
31 37 68
31 38 33
31 50 82
31 51 17
31 55 84
31 61 13
31 62 22
31 65 27
31 76 48
31 78 53
31 81 25
31 84 47
31 85 63
31 97 76
31 99 78
32 36 17
32 38 40
32 44 18
32 45 10
32 46 27
32 61 32
32 63 98
32 75 86
32 78 81
32 86 36
32 96 38
32 98 80
33 35 62
33 40 70
33 49 87
33 51 68
33 56 54
33 61 17
33 64 31
33 71 99
33 77 93
33 84 51
33 90 71
33 92 22
33 99 41
34 47 50
34 53 99
34 54 18
34 64 39
34 68 81
34 70 32
34 81 11
34 89 73
34 91 49
34 94 10
34 97 13
35 54 30
35 56 96
35 57 93
35 58 21
35 59 97
35 62 1
35 63 60
35 64 93
35 67 91
35 75 70
35 78 69
35 98 39
35 99 63
36 40 37
36 45 48
36 52 94
36 59 43
36 64 4
36 66 62
36 72 9
36 76 67
36 80 7
36 81 54
36 87 76
36 89 93
36 91 75
36 97 28
36 99 60
37 38 90
37 47 99
37 48 47
37 51 19
37 57 58
37 62 43
37 67 97
37 69 15
37 81 36
37 91 15
37 93 67
37 97 28
38 42 8
38 45 92
38 51 31
38 63 60
38 75 92
38 97 30
39 46 55
39 57 50
39 61 92
39 70 11
39 76 42
39 77 73
39 78 88
39 83 35
39 86 70
39 89 81
39 94 64
39 95 79
39 96 71
40 50 29
40 58 59
40 60 92
40 65 56
40 68 60
40 70 82
40 76 81
40 77 16
40 78 7
40 81 30
40 86 24
40 93 5
40 96 50
41 44 75
41 46 89
41 56 13
41 58 72
41 63 1
41 68 90
41 76 54
41 79 11
41 89 42
41 90 42
41 92 57
41 94 73
41 96 94
42 43 72
42 47 85
42 60 2
42 64 28
42 66 27
42 67 44
42 70 35
42 71 66
42 79 3
42 86 17
42 94 3
42 95 62
42 99 87
43 44 34
43 55 97
43 57 96
43 65 23
43 69 78
43 74 27
43 91 36
44 48 31
44 51 77
44 52 72
44 56 13
44 64 72
44 70 22
44 77 38
44 81 75
44 95 55
44 98 7
45 48 18
45 49 70
45 50 39
45 54 88
45 56 32
45 63 39
45 88 44
45 93 88
45 95 56
45 96 13
45 99 15
46 49 76
46 51 20
46 62 4
46 64 63
46 75 52
46 81 68
46 87 65
46 92 95
46 98 99
46 99 31
47 51 69
47 58 15
47 67 39
47 75 58
47 83 84
47 89 58
47 92 90
47 93 70
47 95 96
48 50 62
48 52 54
48 58 33
48 62 12
48 75 40
48 86 3
48 92 57
48 99 70
49 51 1
49 54 9
49 55 95
49 58 52
49 61 26
49 67 62
49 68 20
49 76 7
49 77 68
49 78 10
49 80 8
49 90 73
49 95 98
49 96 7
49 98 77
49 99 68
50 52 48
50 57 49
50 70 30
50 78 16
50 84 34
50 91 2
50 92 22
51 61 43
51 63 87
51 78 89
51 80 27
51 85 61
51 87 76
51 91 8
52 61 61
52 63 94
52 81 82
52 83 50
52 91 95
52 94 69
52 98 87
52 99 35
53 58 57
53 63 85
53 72 24
53 80 68
53 86 89
53 93 41
53 94 5
53 98 93
54 56 21
54 58 58
54 61 61
54 65 18
54 68 88
54 69 23
54 71 83
54 77 80
54 78 40
54 81 43
54 83 90
54 90 55
54 98 59
55 65 61
55 67 59
55 70 19
55 72 20
55 83 43
55 86 66
55 87 60
55 89 43
55 93 24
56 60 23
56 67 67
56 77 3
56 78 81
56 82 36
56 85 100
56 92 60
56 99 82
57 61 66
57 62 65
57 67 65
57 70 45
57 71 92
57 74 14
57 77 3
57 79 4
57 91 11
57 92 34
57 96 99
58 67 25
58 77 25
58 79 33
58 85 98
58 94 4
58 95 12
58 96 8
58 97 87
59 73 50
59 77 7
59 85 61
59 89 43
59 96 70
59 97 2
59 98 26
60 61 75
60 62 47
60 66 76
60 74 74
60 75 94
60 76 17
60 77 40
60 78 72
60 88 86
60 91 70
61 63 33
61 73 32
61 85 12
61 95 80
61 99 83
62 63 1
62 67 30
62 72 28
62 76 8
62 82 87
62 90 32
63 64 13
63 70 10
63 74 48
63 77 94
63 82 43
63 84 39
63 87 51
63 94 27
64 68 9
64 69 68
64 71 25
64 75 62
64 91 12
64 94 19
64 96 58
64 99 90
65 71 48
65 73 27
65 80 73
65 88 71
65 95 30
66 73 16
66 76 16
66 78 61
66 90 94
66 93 55
66 96 74
67 70 69
67 77 75
67 87 83
67 94 54
67 95 24
68 71 90
68 79 9
68 82 31
68 91 95
69 70 31
69 85 54
69 89 87
69 90 53
69 93 96
69 98 73
70 74 20
70 75 65
70 80 65
70 95 24
70 96 13
70 98 4
71 73 21
71 78 39
71 86 92
71 88 54
71 90 15
71 92 29
71 93 55
71 97 8
72 73 51
72 76 42
72 81 71
72 83 51
72 96 29
73 77 100
73 82 100
73 84 12
73 85 12
73 86 100
73 89 17
73 90 24
73 96 11
74 93 25
74 97 31
75 88 10
75 90 20
75 93 9
76 77 86
76 94 33
77 82 13
77 84 73
77 93 98
77 96 4
78 85 59
78 91 29
79 90 57
79 91 29
79 96 59
80 89 7
81 89 33
81 91 19
81 92 84
81 98 40
82 83 44
82 87 59
82 91 83
82 95 69
82 96 28
83 86 85
83 95 84
83 98 48
84 86 34
84 88 13
84 89 24
84 93 96
84 97 58
85 92 38
85 97 29
85 99 98
86 89 47
86 98 8
86 99 3
87 93 13
87 98 62
87 99 87
88 90 48
88 91 14
88 98 49
89 91 4
89 95 31
89 97 34
90 93 97
91 95 3
91 99 88
92 93 23
92 96 11
92 98 73
94 95 1
94 99 28
95 96 98
95 97 23
96 99 17
