100 1480
0 2 39
0 3 86
0 5 10
0 7 47
0 8 18
0 9 59
0 10 31
0 15 18
0 22 81
0 25 81
0 30 14
0 34 83
0 35 77
0 38 39
0 39 99
0 46 94
0 48 99
0 49 8
0 57 5
0 58 11
0 60 44
0 64 77
0 66 1
0 70 75
0 76 4
0 77 84
0 82 15
0 83 63
0 84 9
0 88 48
0 90 8
0 91 59
0 92 99
0 96 92
0 99 89
1 3 3
1 5 41
1 11 8
1 12 85
1 13 74
1 16 44
1 18 14
1 24 26
1 27 49
1 29 76
1 30 45
1 31 79
1 32 73
1 36 44
1 38 36
1 42 27
1 43 63
1 44 96
1 47 21
1 52 93
1 55 73
1 63 6
1 64 51
1 66 47
1 67 20
1 73 58
1 76 66
1 77 47
1 78 91
1 87 27
1 88 28
1 98 18
2 8 2
2 12 44
2 13 15
2 15 77
2 16 52
2 17 18
2 26 92
2 39 24
2 48 11
2 49 35
2 51 57
2 61 71
2 63 77
2 64 63
2 66 88
2 70 34
2 71 87
2 72 12
2 81 8
2 84 56
2 87 76
2 90 32
2 97 52
2 99 18
3 5 85
3 7 30
3 12 62
3 13 8
3 15 66
3 17 97
3 19 68
3 22 38
3 30 72
3 32 65
3 34 1
3 36 13
3 38 77
3 40 1
3 43 3
3 46 63
3 47 33
3 60 60
3 74 97
3 76 55
3 92 49
3 93 94
3 95 67
3 97 93
4 9 33
4 13 69
4 17 96
4 18 85
4 19 6
4 22 83
4 24 11
4 26 90
4 29 7
4 32 45
4 36 22
4 37 68
4 38 4
4 46 3
4 49 92
4 50 26
4 60 74
4 61 32
4 63 98
4 65 6
4 67 6
4 69 3
4 70 76
4 71 82
4 72 63
4 73 42
4 87 88
4 88 49
4 92 22
4 93 26
4 99 52
5 6 10
5 9 46
5 13 6
5 14 27
5 15 38
5 16 94
5 18 34
5 23 14
5 24 64
5 25 81
5 26 2
5 27 10
5 36 37
5 39 93
5 43 74
5 51 100
5 55 11
5 59 95
5 63 28
5 65 12
5 70 71
5 71 25
5 72 24
5 74 34
5 75 37
5 79 1
5 87 55
5 88 61
5 89 52
5 90 19
5 93 74
5 94 27
5 95 50
5 98 6
5 99 26
6 7 5
6 8 76
6 9 39
6 11 12
6 17 87
6 21 49
6 22 3
6 25 50
6 27 37
6 32 1
6 34 14
6 35 67
6 40 65
6 47 78
6 51 72
6 54 62
6 59 29
6 63 57
6 64 57
6 65 86
6 68 92
6 71 29
6 72 29
6 73 55
6 76 19
6 80 79
6 81 7
6 85 9
6 86 7
6 87 31
6 88 20
7 9 1
7 12 89
7 19 85
7 21 74
7 30 25
7 31 31
7 35 93
7 37 50
7 39 56
7 40 25
7 41 35
7 42 42
7 44 63
7 49 17
7 52 67
7 53 78
7 56 62
7 60 60
7 61 17
7 64 21
7 68 40
7 70 82
7 71 43
7 72 90
7 74 73
7 80 95
7 82 26
7 90 29
7 93 29
7 95 70
8 10 5
8 11 55
8 18 65
8 20 79
8 23 72
8 28 41
8 34 55
8 36 98
8 40 92
8 43 92
8 46 4
8 48 5
8 54 32
8 59 69
8 62 48
8 65 4
8 71 2
8 73 96
8 78 22
8 81 53
8 84 54
8 87 100
8 88 15
8 89 80
8 96 89
8 97 88
8 99 60
9 18 82
9 31 27
9 33 95
9 36 15
9 38 86
9 40 2
9 42 69
9 45 82
9 46 11
9 47 21
9 56 98
9 57 93
9 62 19
9 66 31
9 70 47
9 72 17
9 74 40
9 76 12
9 78 63
9 86 20
9 95 9
9 96 15
10 13 77
10 19 37
10 22 34
10 23 45
10 24 99
10 31 31
10 36 49
10 38 51
10 39 40
10 42 46
10 44 99
10 53 99
10 57 12
10 63 92
10 65 56
10 66 35
10 67 5
10 76 13
10 83 51
10 88 82
10 89 96
10 99 78
11 12 31
11 13 37
11 14 10
11 19 11
11 21 19
11 25 31
11 31 59
11 38 19
11 39 32
11 40 77
11 42 25
11 44 19
11 46 81
11 53 38
11 54 13
11 56 50
11 58 76
11 59 96
11 60 51
11 63 86
11 70 98
11 72 28
11 76 86
11 79 9
11 81 59
11 82 81
11 84 64
11 86 81
11 87 51
11 88 72
11 90 46
11 92 34
11 96 50
11 98 3
11 99 7
12 14 40
12 15 74
12 16 82
12 18 26
12 19 25
12 23 12
12 24 92
12 27 50
12 30 64
12 34 36
12 35 5
12 36 93
12 38 16
12 39 40
12 45 7
12 51 25
12 52 86
12 56 71
12 58 65
12 61 15
12 63 55
12 65 52
12 69 74
12 71 52
12 72 33
12 73 47
12 74 73
12 76 37
12 77 27
12 78 63
12 80 46
12 92 29
12 93 22
13 15 46
13 16 41
13 22 82
13 27 84
13 38 85
13 41 31
13 42 74
13 43 65
13 51 56
13 54 28
13 55 89
13 57 6
13 58 78
13 59 38
13 65 58
13 76 10
13 77 26
13 84 41
13 88 79
13 89 90
13 91 72
13 92 46
14 16 70
14 17 18
14 24 30
14 27 75
14 29 7
14 30 29
14 31 94
14 36 74
14 45 59
14 50 9
14 51 66
14 53 91
14 55 89
14 58 48
14 60 63
14 61 38
14 62 52
14 66 7
14 68 69
14 85 17
14 89 23
14 96 51
14 97 86
15 16 78
15 24 69
15 26 16
15 31 19
15 32 88
15 39 40
15 44 67
15 50 31
15 51 89
15 58 89
15 65 56
15 68 10
15 69 27
15 70 30
15 71 74
15 72 47
15 74 17
15 75 32
15 85 94
15 92 1
15 97 77
16 17 62
16 25 85
16 29 57
16 33 70
16 34 9
16 35 99
16 39 58
16 40 34
16 42 3
16 44 44
16 51 52
16 58 52
16 68 15
16 69 19
16 71 67
16 74 12
16 76 2
16 82 76
16 85 72
16 89 7
16 92 17
16 93 60
16 94 77
16 99 74
17 24 75
17 26 90
17 29 23
17 34 61
17 36 7
17 46 61
17 47 28
17 49 99
17 55 100
17 56 97
17 59 83
17 62 77
17 68 87
17 70 8
17 72 96
17 74 80
17 75 91
17 76 15
17 77 47
17 80 1
17 82 91
17 83 40
17 90 100
17 95 78
17 96 56
17 98 29
18 22 17
18 25 36
18 31 23
18 32 55
18 36 2
18 37 21
18 39 62
18 47 55
18 50 53
18 51 26
18 57 20
18 66 57
18 68 13
18 72 19
18 77 45
18 82 14
18 93 51
18 97 76
19 22 87
19 24 75
19 26 90
19 31 25
19 33 12
19 35 56
19 42 63
19 44 67
19 47 38
19 55 4
19 58 66
19 61 73
19 63 82
19 67 90
19 69 54
19 78 8
19 80 88
19 81 17
19 85 42
19 87 66
19 90 64
19 93 100
19 98 39
20 21 31
20 24 39
20 29 78
20 43 23
20 44 95
20 49 21
20 52 7
20 54 87
20 56 13
20 58 17
20 59 50
20 61 79
20 63 16
20 64 51
20 67 41
20 70 42
20 72 10
20 73 73
20 79 59
20 98 63
20 99 29
21 22 93
21 28 40
21 29 8
21 30 74
21 34 15
21 38 28
21 41 2
21 42 33
21 44 50
21 45 57
21 46 7
21 52 23
21 57 33
21 66 10
21 67 78
21 69 13
21 72 95
21 74 27
21 77 34
21 79 37
21 82 77
21 88 61
21 94 87
21 98 61
22 25 45
22 29 22
22 30 31
22 33 92
22 42 27
22 59 27
22 60 40
22 62 50
22 65 36
22 72 16
22 75 84
22 76 36
22 77 91
22 80 85
22 82 19
22 85 10
22 87 37
22 92 72
22 93 27
22 95 29
23 24 26
23 25 99
23 34 41
23 36 86
23 45 6
23 51 41
23 52 79
23 53 95
23 54 62
23 57 38
23 58 90
23 62 51
23 66 24
23 67 4
23 68 52
23 80 2
23 81 73
23 83 12
23 86 7
23 90 18
23 91 35
23 92 54
23 97 81
24 28 80
24 31 1
24 42 34
24 43 5
24 45 29
24 47 7
24 54 26
24 56 39
24 57 76
24 63 54
24 64 78
24 67 21
24 68 95
24 70 96
24 71 72
24 76 80
24 78 93
24 80 78
24 83 6
24 85 15
24 88 57
24 89 37
24 90 100
24 91 42
24 92 93
24 93 34
25 26 45
25 27 80
25 28 55
25 29 66
25 31 70
25 33 3
25 34 59
25 35 85
25 36 45
25 43 21
25 51 29
25 53 2
25 55 30
25 56 40
25 58 72
25 60 85
25 62 36
25 64 70
25 66 98
25 67 72
25 69 51
25 70 14
25 77 25
25 78 79
25 81 19
25 89 25
25 90 75
25 93 96
25 97 79
25 98 10
26 27 87
26 28 75
26 30 12
26 31 13
26 32 45
26 35 22
26 42 18
26 50 89
26 53 88
26 57 40
26 58 83
26 59 75
26 60 84
26 64 55
26 66 76
26 67 52
26 72 27
26 74 29
26 75 86
26 85 42
26 90 12
26 92 24
26 93 79
26 94 52
26 95 29
26 97 84
27 28 14
27 31 72
27 32 31
27 39 10
27 40 32
27 42 69
27 53 36
27 55 42
27 60 80
27 62 55
27 67 84
27 68 98
27 69 79
27 76 7
27 83 68
27 84 73
27 85 78
27 86 73
27 87 75
27 89 7
27 90 54
27 91 51
27 93 85
27 95 22
27 99 87
28 34 38
28 39 48
28 43 26
28 45 82
28 46 36
28 47 13
28 48 52
28 49 78
28 53 37
28 54 90
28 57 54
28 68 99
28 69 66
28 72 32
28 74 18
28 85 39
28 86 55
28 88 8
28 91 3
28 92 46
28 93 59
28 94 57
28 98 86
28 99 11
29 31 6
29 34 65
29 35 99
29 39 27
29 44 44
29 47 42
29 50 71
29 54 83
29 63 33
29 64 49
29 66 51
29 67 47
29 69 19
29 73 20
29 74 51
29 75 59
29 76 47
29 77 7
29 78 20
29 89 61
29 90 31
29 96 78
29 98 75
30 36 21
30 42 80
30 43 92
30 44 11
30 45 66
30 47 42
30 54 100
30 63 54
30 64 1
30 65 36
30 66 99
30 67 44
30 68 22
30 69 6
30 70 61
30 72 78
30 74 49
30 85 99
30 87 72
30 96 58
31 36 69
31 37 27
31 41 35
31 42 48
31 43 21
31 44 85
31 45 75
31 47 6
31 53 99
31 54 82
31 55 79
31 56 16
31 59 88
31 60 20
31 70 58
31 73 1
31 75 8
31 80 64
31 87 71
31 90 20
31 91 19
31 92 57
31 96 89
32 33 94
32 34 97
32 35 86
32 38 55
32 40 22
32 41 61
32 44 14
32 46 22
32 60 100
32 61 82
32 62 9
32 63 26
32 64 93
32 66 36
32 67 34
32 70 48
32 89 45
32 94 10
32 95 98
33 44 17
33 45 55
33 46 62
33 50 55
33 52 5
33 53 28
33 59 7
33 63 8
33 65 61
33 66 83
33 72 33
33 73 64
33 74 38
33 77 66
33 78 10
33 82 43
33 83 52
33 85 45
33 87 29
33 93 59
33 94 31
33 98 32
33 99 58
34 38 3
34 39 80
34 41 17
34 43 27
34 46 5
34 47 68
34 62 18
34 65 61
34 69 44
34 78 12
34 82 1
34 83 70
34 86 6
34 87 14
34 95 15
34 97 10
35 39 67
35 41 4
35 42 70
35 45 57
35 51 29
35 52 81
35 62 85
35 64 79
35 66 25
35 68 97
35 76 89
35 80 39
35 81 67
35 82 11
35 83 100
35 85 7
35 91 35
35 97 96
35 99 86
36 39 25
36 43 59
36 45 16
36 46 99
36 48 70
36 51 77
36 52 81
36 56 40
36 58 33
36 59 2
36 61 52
36 62 9
36 71 58
36 74 52
36 76 4
36 77 35
36 96 21
37 51 40
37 54 52
37 57 56
37 58 38
37 63 14
37 65 1
37 70 99
37 72 52
37 86 42
37 87 84
37 99 12
38 41 42
38 44 59
38 49 47
38 51 99
38 52 71
38 55 12
38 61 82
38 65 56
38 67 44
38 68 45
38 69 77
38 70 2
38 71 12
38 78 48
38 81 66
38 89 55
38 90 70
38 91 20
38 95 4
39 40 2
39 42 90
39 45 43
39 49 2
39 52 71
39 53 74
39 59 81
39 65 21
39 68 97
39 70 17
39 84 15
39 87 57
39 90 36
40 41 53
40 42 84
40 46 57
40 48 47
40 53 68
40 55 47
40 56 40
40 61 73
40 64 65
40 71 99
40 72 80
40 75 80
40 77 64
40 80 24
40 82 27
40 89 68
40 95 17
40 98 4
41 46 45
41 47 5
41 49 59
41 51 37
41 53 39
41 54 71
41 56 38
41 59 82
41 62 49
41 69 33
41 70 49
41 77 53
41 78 67
41 82 65
41 85 78
41 92 73
41 95 5
41 96 25
41 98 43
42 43 57
42 47 38
42 48 24
42 51 2
42 56 20
42 59 51
42 60 1
42 64 9
42 66 42
42 67 89
42 75 81
42 76 64
42 77 99
42 78 25
42 80 87
42 84 3
42 87 12
42 93 56
43 46 25
43 47 70
43 48 5
43 53 81
43 54 13
43 55 63
43 67 25
43 68 54
43 69 88
43 75 5
43 76 24
43 77 63
43 80 52
43 81 60
43 85 87
43 86 4
43 89 40
43 92 27
43 96 34
44 50 15
44 53 74
44 56 71
44 58 90
44 59 25
44 65 24
44 68 85
44 74 38
44 75 2
44 82 28
44 87 74
44 89 42
44 95 100
44 96 52
44 98 36
45 50 34
45 52 32
45 56 87
45 64 52
45 65 77
45 66 85
45 68 64
45 77 95
45 84 38
45 86 40
45 87 84
45 89 13
45 90 69
45 99 14
46 50 6
46 51 92
46 53 80
46 54 57
46 60 39
46 61 27
46 65 50
46 71 1
46 76 27
46 79 44
46 81 27
46 87 43
46 90 58
46 96 34
47 53 80
47 58 46
47 67 54
47 69 49
47 73 12
47 78 19
47 82 96
47 85 39
47 89 60
47 93 32
48 49 82
48 52 20
48 53 52
48 57 62
48 61 66
48 62 48
48 63 11
48 66 67
48 67 31
48 74 90
48 79 65
48 80 1
48 82 38
48 83 91
48 84 29
48 86 1
48 88 70
48 90 96
48 95 30
48 99 29
49 51 99
49 52 92
49 59 39
49 68 27
49 69 62
49 72 76
49 75 16
49 76 85
49 82 23
49 83 74
49 92 17
49 94 96
49 95 78
49 96 68
49 98 55
50 54 34
50 55 69
50 64 75
50 70 68
50 71 61
50 77 11
50 79 37
50 81 25
50 89 96
50 90 22
50 91 19
50 92 56
50 94 57
50 97 56
51 53 35
51 54 93
51 55 85
51 58 8
51 60 48
51 62 19
51 64 84
51 65 38
51 66 33
51 69 88
51 74 40
51 77 40
51 79 54
51 85 1
51 86 60
51 88 22
51 93 40
52 58 32
52 60 32
52 61 65
52 62 67
52 63 85
52 65 87
52 66 84
52 69 24
52 77 35
52 84 66
52 90 20
52 91 63
52 92 65
52 95 91
52 97 78
53 59 4
53 60 92
53 64 17
53 65 91
53 67 11
53 72 29
53 73 83
53 76 94
53 78 4
53 82 90
53 84 62
53 85 26
53 93 2
53 95 92
53 98 6
54 56 93
54 59 100
54 63 20
54 65 100
54 71 3
54 74 93
54 75 68
54 78 47
54 86 56
54 87 98
54 91 16
54 93 38
54 95 69
54 98 60
55 68 72
55 71 77
55 72 53
55 77 71
55 81 27
55 85 6
55 90 26
55 94 40
55 95 96
55 96 45
55 99 81
56 58 90
56 59 72
56 67 98
56 76 78
56 78 54
56 79 88
56 83 45
56 85 24
56 87 31
56 89 11
56 90 46
56 93 35
56 98 39
57 62 86
57 63 78
57 66 86
57 77 78
57 80 73
57 81 23
57 95 79
57 98 18
58 64 4
58 77 19
58 83 98
58 93 12
58 95 61
58 96 83
58 98 1
59 60 43
59 61 8
59 63 31
59 67 32
59 71 3
59 73 85
59 77 50
59 78 7
59 79 85
59 80 42
59 81 15
59 82 2
59 83 71
59 90 58
59 92 49
59 95 96
60 64 82
60 68 76
60 70 91
60 73 47
60 75 93
60 76 18
60 77 37
60 78 25
60 81 38
60 85 1
60 86 48
60 87 41
60 88 46
60 90 30
60 94 95
60 99 10
61 65 84
61 67 95
61 70 42
61 71 84
61 73 4
61 74 63
61 76 100
61 77 67
61 79 2
61 83 61
61 84 94
61 90 84
61 91 33
61 95 71
61 96 19
61 97 85
61 98 51
61 99 67
62 71 80
62 80 55
62 86 50
62 90 84
63 66 51
63 71 76
63 73 59
63 78 12
63 79 92
63 80 55
63 81 42
63 84 42
63 87 16
63 89 96
63 93 35
64 68 67
64 70 50
64 71 54
64 72 46
64 76 36
64 82 31
64 88 38
64 97 34
65 71 94
65 72 1
65 73 70
65 75 12
65 82 38
65 87 62
65 89 51
65 90 40
65 92 52
65 97 2
66 71 84
66 72 64
66 75 70
66 76 94
66 79 53
66 85 62
66 86 92
66 89 69
66 91 89
66 94 27
66 95 25
66 96 63
66 97 1
67 72 62
67 73 59
67 77 36
67 81 72
67 82 36
67 83 52
67 91 16
67 99 63
68 75 5
68 92 53
68 94 96
68 98 40
69 70 86
69 72 36
69 74 35
69 75 32
69 76 73
69 77 20
69 79 73
69 81 91
69 82 85
69 87 31
69 88 25
69 90 16
69 91 7
69 92 28
69 95 67
69 97 79
69 99 93
70 74 7
70 76 21
70 79 15
70 81 6
70 82 64
70 83 96
70 90 8
70 94 70
70 96 40
70 97 77
70 98 35
71 72 66
71 74 87
71 78 10
71 83 100
71 89 57
71 90 67
71 94 44
71 97 67
72 74 56
72 88 42
72 95 98
72 99 22
73 74 28
73 77 67
73 78 71
73 80 26
73 90 34
73 93 66
73 96 68
73 97 5
74 76 40
74 77 16
74 79 13
74 81 27
74 86 95
74 90 80
74 91 34
74 96 98
74 97 9
74 98 59
74 99 59
75 76 44
75 78 3
75 79 89
75 86 61
75 91 12
75 93 40
76 79 79
76 83 87
76 85 53
76 87 20
76 93 78
77 80 91
77 81 88
77 82 84
77 89 22
77 94 46
77 99 68
78 80 11
78 83 40
78 90 21
78 96 93
78 99 56
79 87 12
79 95 94
80 81 78
80 84 68
80 91 82
80 93 23
80 94 87
80 95 11
80 96 49
81 85 60
81 86 52
81 94 58
81 99 80
82 89 39
82 98 28
83 84 97
83 90 69
83 94 62
83 96 99
83 97 82
84 87 49
85 86 41
85 94 46
85 99 50
86 87 80
86 89 82
86 96 39
86 97 81
86 98 67
86 99 32
87 91 42
87 94 85
87 95 45
87 98 66
88 93 100
88 97 88
89 92 85
89 94 26
89 98 48
90 91 52
90 94 6
90 97 76
91 92 15
91 95 17
91 96 100
91 97 40
91 99 19
92 96 4
93 94 49
94 97 39
94 99 100
96 99 38
97 98 60
97 99 78
98 99 23
