50 125
0 35 1
0 40 32
1 2 88
1 3 20
1 5 12
1 25 62
1 31 48
1 40 10
2 5 45
2 6 34
2 11 28
2 14 7
2 36 92
3 4 31
3 19 86
3 30 31
3 38 67
3 44 98
4 13 57
4 26 25
4 43 74
4 44 51
5 9 80
5 12 7
5 23 71
5 27 7
5 29 15
5 31 79
5 37 18
5 40 69
5 44 98
5 46 48
6 21 69
6 22 51
6 37 39
6 42 20
6 43 70
7 20 39
7 22 34
7 34 12
7 44 48
7 46 7
7 49 4
8 12 22
8 13 94
8 26 2
8 28 14
8 35 68
8 39 92
8 46 35
8 48 12
10 13 43
11 29 81
11 34 55
11 43 21
12 13 80
12 23 87
13 15 92
13 19 90
13 31 38
13 41 98
13 48 6
14 18 15
14 23 13
14 27 40
14 49 52
15 16 50
15 17 61
15 46 50
16 22 35
16 34 20
16 36 20
16 42 58
17 18 39
17 49 1
18 33 68
18 37 4
18 46 69
19 30 34
19 41 36
20 29 43
20 30 29
20 31 32
21 23 48
21 25 54
21 30 21
21 33 98
22 23 62
22 44 53
23 49 34
24 31 20
24 49 60
26 28 75
26 29 69
26 36 60
26 45 25
27 33 99
27 44 49
28 29 92
29 36 61
30 33 25
30 34 4
30 47 74
30 49 5
31 35 62
31 44 65
32 44 23
32 45 17
32 47 14
33 35 1
33 36 76
33 38 18
33 42 40
33 49 11
34 35 64
35 36 74
35 45 67
36 45 93
37 42 8
37 45 28
38 40 91
39 45 96
40 42 84
40 47 89
42 43 55
