50 231
0 11 27
0 18 5
0 27 5
0 37 90
0 39 3
0 43 58
0 44 68
1 3 93
1 5 88
1 17 79
1 19 51
1 21 52
1 29 65
1 30 17
1 42 59
1 43 12
2 12 64
2 16 63
2 17 76
2 28 81
2 32 58
2 34 11
2 39 69
2 46 66
2 47 89
2 49 66
3 9 2
3 14 8
3 16 91
3 17 63
3 24 82
3 29 23
3 31 31
3 49 93
4 6 15
4 8 4
4 23 54
4 27 90
4 32 72
4 42 27
4 48 60
5 24 62
5 25 5
5 27 54
5 34 6
5 35 26
5 36 36
5 38 94
5 39 64
5 40 68
5 43 20
6 10 19
6 13 20
6 23 93
6 25 3
6 26 23
6 27 73
6 32 9
6 35 38
6 39 22
6 41 90
6 44 61
6 49 25
7 10 86
7 12 64
7 13 1
7 14 78
7 24 92
7 27 32
7 29 9
7 32 60
7 34 100
7 43 15
7 47 9
8 14 93
8 32 77
8 49 9
9 20 50
9 23 68
9 32 90
9 33 23
9 39 25
9 48 73
10 13 8
10 14 94
10 15 4
10 23 49
10 30 80
10 33 27
10 35 93
10 36 58
10 40 87
10 47 43
10 48 19
11 16 58
11 19 81
11 23 77
11 30 82
11 33 99
11 42 23
11 49 18
12 13 31
12 14 75
12 16 67
12 23 90
12 34 92
12 43 74
12 49 90
13 17 10
13 19 65
13 20 93
13 41 55
13 48 66
14 21 22
14 23 52
14 28 80
14 29 53
14 40 32
14 44 100
14 45 40
15 17 37
15 22 58
15 24 99
15 26 97
15 29 1
15 31 14
15 32 98
15 43 57
15 46 59
15 47 31
15 48 92
16 26 86
16 40 24
16 44 34
16 48 3
17 31 93
17 36 99
17 40 60
17 42 28
17 48 72
18 24 36
18 36 78
18 46 69
19 20 91
19 23 78
19 35 1
19 40 85
19 41 75
19 42 17
19 48 55
20 21 43
20 23 31
20 24 57
20 34 3
20 35 89
20 48 52
20 49 35
21 27 13
21 36 18
21 48 5
22 27 43
22 29 57
22 36 4
22 38 10
22 47 10
22 48 15
23 24 47
23 25 11
23 26 80
23 34 98
23 43 86
23 49 99
24 25 23
24 41 96
24 46 73
24 49 63
25 30 74
25 38 60
25 44 74
25 48 92
26 30 1
26 34 60
26 35 66
26 40 92
27 28 3
27 34 80
27 47 44
28 30 71
28 43 95
28 48 45
29 31 11
29 38 53
29 39 98
29 45 53
29 49 11
30 46 77
30 49 27
31 33 44
31 36 20
31 41 16
33 36 74
33 37 20
33 42 10
33 45 50
33 47 75
33 48 38
34 41 88
34 47 64
34 49 37
35 38 96
35 44 86
35 47 54
36 40 26
36 43 64
36 46 25
36 49 14
37 45 74
37 46 69
37 48 50
38 42 39
38 43 6
38 45 10
38 47 40
39 40 58
39 48 26
40 41 61
40 49 2
41 44 88
43 47 7
44 46 55
45 47 67
