50 359
0 9 13
0 10 38
0 14 50
0 25 30
0 29 5
0 30 2
0 32 63
0 33 36
0 34 82
0 42 62
0 44 67
0 46 24
0 49 19
1 3 24
1 5 14
1 16 4
1 18 86
1 19 44
1 30 70
1 35 68
1 39 4
1 45 6
1 47 35
1 48 21
2 5 36
2 6 41
2 7 82
2 8 82
2 12 80
2 15 50
2 17 46
2 18 30
2 25 27
2 29 37
2 35 72
2 37 29
2 38 42
2 45 42
2 47 10
3 4 49
3 5 23
3 8 6
3 11 17
3 14 69
3 15 26
3 20 86
3 21 80
3 23 60
3 26 61
3 32 87
3 37 33
3 44 6
4 6 11
4 7 8
4 9 80
4 10 87
4 11 89
4 13 10
4 14 87
4 18 35
4 19 61
4 26 13
4 27 61
4 28 83
4 34 91
4 36 79
4 37 45
4 38 33
4 44 61
4 45 76
4 47 4
5 10 100
5 19 76
5 23 17
5 27 42
5 29 67
5 36 38
5 38 23
5 45 38
5 46 50
6 9 33
6 15 45
6 21 54
6 24 60
6 26 69
6 28 52
6 30 22
6 32 28
6 33 9
6 35 22
6 37 100
6 46 60
6 48 31
6 49 67
7 17 55
7 18 20
7 20 82
7 25 79
7 27 19
7 29 6
7 30 42
7 32 19
7 33 83
7 35 44
7 37 14
7 43 89
8 10 72
8 12 76
8 15 91
8 16 66
8 20 58
8 21 44
8 31 66
8 39 73
8 41 47
8 42 1
8 48 27
8 49 2
9 11 75
9 13 67
9 18 96
9 19 54
9 29 65
9 34 39
9 38 50
9 41 20
9 42 33
9 44 66
9 46 5
9 47 7
9 49 75
10 12 53
10 21 91
10 28 29
10 32 42
10 33 21
10 34 15
10 38 8
10 39 15
10 46 79
11 12 93
11 13 61
11 16 89
11 19 23
11 26 87
11 29 17
11 30 53
11 31 21
11 32 55
11 39 74
11 42 34
11 43 91
11 46 28
11 49 89
12 13 96
12 18 68
12 19 66
12 21 100
12 25 84
12 26 1
12 32 6
12 35 53
12 40 29
12 41 88
12 47 60
12 49 92
13 14 93
13 18 31
13 20 97
13 21 57
13 24 36
13 26 85
13 27 68
13 30 38
13 31 27
13 38 86
13 39 63
13 44 8
13 46 53
14 16 82
14 19 92
14 20 35
14 26 66
14 39 15
14 41 86
14 45 46
14 46 85
14 48 42
15 19 83
15 25 58
15 32 58
15 36 31
15 38 41
15 40 17
15 41 43
15 42 90
15 43 100
15 45 30
15 49 84
16 19 34
16 20 97
16 27 25
16 29 41
16 41 50
17 23 23
17 24 44
17 25 69
17 26 44
17 27 60
17 32 84
17 33 5
17 36 60
17 38 51
17 39 48
18 22 91
18 23 51
18 31 73
18 38 16
19 22 77
19 26 63
19 27 6
19 34 16
19 38 13
19 40 68
19 43 71
20 26 90
20 28 64
20 41 13
20 49 30
21 22 6
21 25 12
21 27 81
21 30 59
21 37 12
21 41 59
21 42 55
21 47 70
21 48 36
22 26 16
22 27 4
22 38 72
22 39 28
22 42 44
22 43 64
22 48 81
23 25 6
23 31 70
23 35 40
23 38 90
23 40 43
23 43 16
23 45 78
24 25 35
24 27 23
24 29 76
24 32 17
24 33 70
24 35 72
25 29 52
25 31 28
25 36 17
25 39 23
25 41 74
25 43 94
25 46 89
26 27 23
26 29 33
26 34 65
26 36 75
26 37 72
26 38 67
26 39 64
26 40 26
26 41 41
26 42 34
26 43 58
26 47 80
27 30 15
27 31 46
27 32 13
27 36 47
27 38 8
27 42 31
27 46 43
28 29 32
28 30 4
28 31 87
28 34 75
28 38 15
28 39 44
28 41 27
28 42 4
28 44 68
28 49 69
29 30 83
29 38 2
29 41 37
29 47 7
29 49 15
30 31 32
30 39 23
30 46 6
30 47 57
30 48 19
31 32 43
31 33 87
31 40 9
31 49 69
32 35 90
32 36 12
32 38 93
32 39 83
32 41 50
32 43 44
32 44 74
32 45 28
32 49 71
33 34 44
33 35 54
33 40 21
33 46 70
33 47 7
34 38 39
34 39 46
34 45 90
35 36 29
35 37 64
35 38 1
35 47 75
36 38 7
36 44 17
36 46 58
36 48 14
37 40 84
37 41 12
37 43 10
38 41 33
38 46 27
39 46 48
39 49 87
40 42 62
40 45 61
40 46 39
41 42 20
41 44 44
41 45 83
41 47 65
42 43 17
42 44 98
42 45 86
42 48 83
43 45 45
44 45 69
44 47 13
44 48 58
45 48 87
45 49 14
46 48 59
48 49 82
