100 521
0 3 80
0 6 39
0 10 8
0 64 54
0 76 85
0 82 45
0 91 57
1 6 7
1 8 49
1 9 55
1 10 40
1 20 15
1 30 46
1 41 38
1 48 100
1 49 15
1 70 65
1 77 21
1 79 25
1 91 96
1 95 2
2 3 20
2 8 95
2 9 55
2 16 29
2 21 8
2 22 87
2 39 27
2 44 30
2 54 6
2 68 17
2 69 29
2 76 32
2 91 20
2 92 85
3 7 52
3 12 38
3 30 72
3 40 58
3 47 71
3 51 71
3 60 46
3 72 69
3 85 85
3 87 23
3 88 7
3 89 7
3 95 58
3 96 83
4 21 29
4 32 37
4 43 43
4 49 54
4 52 22
4 54 70
4 69 54
4 76 58
5 12 34
5 20 9
5 24 25
5 48 82
5 57 92
5 64 13
5 72 24
5 74 61
5 83 47
5 90 68
5 98 79
5 99 95
6 13 9
6 26 9
6 31 23
6 33 46
6 43 16
6 48 55
6 51 66
6 83 100
6 91 46
7 10 14
7 16 89
7 22 32
7 25 38
7 39 9
7 48 78
7 70 31
7 85 47
8 9 100
8 12 22
8 15 63
8 27 17
8 29 9
8 32 46
8 43 13
8 45 48
8 57 4
8 60 28
8 80 87
8 88 45
8 90 9
8 99 54
9 23 16
9 35 27
9 37 59
9 38 57
9 48 46
9 49 33
9 63 42
9 88 34
9 89 21
9 91 98
9 98 61
10 18 55
10 29 53
10 30 46
10 35 89
10 38 42
10 44 28
10 61 89
10 64 22
10 71 91
10 76 97
10 96 21
11 18 20
11 24 60
11 30 11
11 43 77
11 48 70
11 55 53
11 60 43
11 76 95
11 88 96
11 89 85
12 19 47
12 33 41
12 52 5
12 71 32
12 77 87
12 88 49
13 21 26
13 63 99
13 72 97
13 94 80
14 26 88
14 43 63
14 46 76
14 49 55
14 52 1
14 58 43
14 60 57
14 76 53
14 77 18
15 22 88
15 23 13
15 24 70
15 31 35
15 42 67
15 45 43
15 56 46
15 57 96
15 76 74
15 80 18
15 86 41
16 19 90
16 22 37
16 29 24
16 38 68
16 48 7
16 49 66
16 53 69
16 65 71
16 72 26
16 73 81
16 80 50
16 84 21
16 93 66
17 22 16
17 48 44
17 60 82
17 61 57
17 82 22
17 86 37
17 89 82
17 98 40
18 19 94
18 38 95
18 62 20
18 75 52
18 79 93
18 91 67
18 96 8
18 98 20
19 23 82
19 25 21
19 47 97
19 54 89
19 67 1
19 71 53
19 97 73
19 98 52
20 22 12
20 32 42
20 38 34
20 41 38
20 57 88
20 58 23
20 60 43
20 72 20
20 79 90
20 82 55
20 89 11
21 27 12
21 38 39
21 43 92
21 57 12
21 75 44
21 85 44
21 95 86
22 25 44
22 30 21
22 35 51
22 52 79
22 57 77
22 68 41
22 73 68
22 82 20
22 84 26
22 98 56
23 51 26
23 52 16
23 78 14
24 40 66
24 41 41
24 47 76
24 66 88
25 27 36
25 34 29
25 45 37
25 51 39
25 81 62
25 85 63
25 88 72
26 37 34
26 51 4
26 57 69
26 76 32
26 79 81
26 84 98
26 91 36
26 93 99
26 97 77
27 39 20
27 54 64
27 69 89
27 81 28
28 39 29
28 61 18
28 78 59
28 88 69
29 32 3
29 46 8
29 47 73
29 57 77
29 63 62
29 67 68
29 75 77
29 95 5
29 96 82
30 33 45
30 37 95
30 41 56
30 43 86
30 60 51
30 81 81
30 88 94
30 94 69
30 96 23
31 47 70
31 52 75
31 56 79
31 70 54
31 73 57
31 81 87
31 88 63
31 97 57
32 34 85
32 35 39
32 59 81
32 65 71
32 69 81
32 71 76
32 74 74
32 85 95
33 43 51
33 50 70
33 62 89
33 79 98
33 83 2
33 98 11
34 39 58
34 43 73
34 49 27
34 65 59
34 84 86
34 85 20
34 86 75
35 37 86
35 38 61
35 41 73
35 53 99
35 66 23
35 72 20
35 77 40
35 78 29
36 45 13
37 38 67
37 45 1
37 48 29
37 67 9
37 79 27
38 64 64
38 69 81
38 70 53
38 73 52
38 97 14
39 50 17
39 68 72
39 85 79
39 93 77
39 94 69
39 95 20
40 43 54
40 44 45
40 66 95
40 71 51
40 79 79
40 85 60
40 86 51
40 91 44
41 47 14
41 57 82
41 76 62
41 90 27
42 47 26
42 54 87
42 68 1
42 72 82
42 87 92
42 92 91
43 47 70
43 83 35
43 85 7
43 96 59
44 61 71
44 71 45
44 74 6
44 79 2
44 85 62
44 92 52
45 61 83
45 68 95
45 73 64
45 90 60
45 98 39
45 99 18
46 47 89
46 50 95
46 54 64
46 70 94
46 81 62
46 82 21
46 87 92
46 96 67
47 48 24
47 50 5
47 53 55
47 58 76
47 62 84
47 69 38
47 86 38
47 96 43
48 56 19
48 66 20
49 50 99
49 54 71
49 68 5
49 81 43
49 88 42
49 95 79
49 97 64
50 53 17
50 66 73
50 72 90
50 90 91
50 96 82
51 55 38
51 64 46
51 65 23
51 66 80
51 71 3
51 81 21
51 89 35
51 90 87
51 91 89
52 60 2
52 68 5
53 64 86
54 62 42
54 70 64
55 64 21
55 70 32
55 82 57
55 93 2
56 61 44
56 62 99
56 80 100
56 90 97
56 98 29
57 64 30
57 73 72
57 75 16
57 79 70
57 81 56
57 85 82
57 92 96
57 93 72
58 79 57
59 71 30
59 83 3
59 84 79
60 83 92
60 95 50
60 98 80
61 68 11
61 70 11
61 94 78
62 84 13
63 67 28
63 70 65
63 73 28
63 76 83
63 87 23
63 90 74
63 91 61
63 96 77
63 97 41
64 68 33
64 70 45
64 72 66
64 74 51
64 84 85
65 76 80
65 85 15
65 86 60
65 93 43
66 79 65
66 96 98
67 82 48
67 85 83
67 92 28
67 95 10
67 98 86
68 77 18
68 82 17
68 92 22
68 95 17
69 82 95
69 88 38
70 86 43
70 90 35
71 73 67
71 77 50
71 80 71
72 79 17
72 84 25
72 93 56
72 94 36
72 99 64
73 79 17
73 90 71
73 97 88
73 98 27
73 99 13
74 85 96
75 84 78
75 87 7
77 79 11
77 84 34
77 86 46
79 83 45
79 84 50
79 96 68
79 98 72
79 99 92
80 83 72
80 84 28
80 88 59
80 90 5
81 82 18
81 90 61
81 98 56
83 84 31
83 97 19
84 88 6
84 90 93
84 91 16
84 94 76
84 95 4
84 97 89
85 87 38
85 90 64
86 89 84
86 92 39
86 97 59
87 88 25
87 94 29
88 94 12
89 91 56
89 97 37
90 93 86
90 94 36
96 99 41
