100 994
0 3 5128
0 7 4083
0 9 5816
0 13 3706
0 16 8137
0 20 4281
0 23 9781
0 27 8770
0 35 8928
0 39 7018
0 41 2826
0 42 6626
0 43 7808
0 44 8206
0 46 3727
0 47 8606
0 49 4354
0 50 2680
0 58 610
0 64 4788
0 65 4494
0 68 515
0 69 70
0 78 8573
0 79 7687
0 91 3699
0 93 8148
0 99 4832
1 5 4898
1 8 3233
1 11 2277
1 20 3064
1 27 7395
1 32 4062
1 36 1173
1 42 8013
1 43 9755
1 44 3186
1 45 2221
1 49 9377
1 55 7498
1 56 5762
1 59 9185
1 60 3935
1 61 6742
1 77 1993
1 85 9929
1 86 9172
1 88 7721
2 6 4353
2 8 3933
2 23 8368
2 35 4053
2 38 765
2 44 4939
2 46 4822
2 54 1408
2 73 7413
2 76 5776
2 88 5754
2 91 5763
2 93 7422
2 96 175
2 99 164
3 4 8517
3 5 7527
3 21 8894
3 25 5224
3 38 9771
3 43 9605
3 44 6724
3 52 1133
3 57 2425
3 59 4777
3 63 3236
3 69 7449
3 72 7772
3 75 6457
3 78 357
3 79 7372
3 82 178
3 84 3802
3 87 4675
3 91 8472
3 97 9006
4 7 1572
4 8 5554
4 11 4988
4 21 4770
4 22 6796
4 23 4837
4 27 9582
4 28 5734
4 30 5964
4 35 3824
4 37 6696
4 47 4739
4 53 1785
4 56 7979
4 62 1193
4 68 3305
4 79 8846
4 80 983
4 85 5343
4 86 2574
4 88 4432
4 89 8462
4 94 9903
5 15 9136
5 26 1926
5 33 217
5 37 3134
5 43 9299
5 44 8428
5 45 3265
5 50 3870
5 61 3672
5 62 307
5 70 5182
5 72 8768
5 74 6503
5 76 1016
5 81 6671
5 85 9021
5 87 1039
5 98 8649
6 13 6785
6 14 6335
6 20 7543
6 31 9216
6 32 8975
6 35 9864
6 36 6044
6 41 7055
6 42 1230
6 54 4402
6 56 3527
6 64 6975
6 78 6712
6 82 8114
6 92 1845
7 12 8434
7 17 2083
7 21 4968
7 23 9444
7 31 5612
7 39 8576
7 56 9841
7 57 4722
7 61 6334
7 76 730
7 79 6414
7 88 9442
7 92 4286
7 98 6105
7 99 5337
8 10 699
8 11 7665
8 14 347
8 17 4052
8 28 6380
8 31 2439
8 36 2018
8 39 4299
8 49 6603
8 50 8902
8 51 7893
8 55 5530
8 62 4799
8 64 3489
8 65 2692
8 66 4509
8 68 4684
8 71 2415
8 92 8678
8 97 6402
8 99 1307
9 12 2068
9 16 9701
9 17 8172
9 25 2112
9 40 4681
9 45 4006
9 48 412
9 49 8073
9 56 1151
9 71 9404
9 78 8044
9 80 2392
9 91 3015
9 94 1144
9 97 7228
10 11 1960
10 19 9664
10 24 5290
10 25 9154
10 29 5996
10 31 6296
10 37 8994
10 41 5142
10 47 4076
10 50 7850
10 62 2631
10 67 8997
10 71 7001
10 79 4047
10 84 8731
10 90 578
11 13 6851
11 19 2605
11 28 9439
11 30 8608
11 35 5327
11 37 5861
11 43 3552
11 49 3978
11 52 7717
11 54 2108
11 59 2405
11 60 25
11 63 8218
11 70 1052
11 76 5809
11 83 189
11 87 1257
11 90 678
11 92 2499
11 94 3130
11 96 7842
11 98 1612
12 18 7351
12 25 7518
12 30 8532
12 32 2730
12 40 228
12 41 1903
12 44 3581
12 87 5801
12 90 7784
12 91 536
12 95 8794
13 25 706
13 30 1521
13 31 7330
13 32 4784
13 33 8562
13 39 205
13 41 4275
13 44 1383
13 51 4183
13 53 4635
13 54 5069
13 78 125
13 89 6431
13 97 2880
14 28 1231
14 32 9094
14 36 2303
14 45 7405
14 49 9134
14 54 7954
14 66 3685
14 67 2456
14 80 7524
14 82 2592
14 88 6345
14 89 7097
14 91 1320
15 19 7329
15 26 6825
15 27 6618
15 30 8952
15 38 9733
15 42 3929
15 44 4180
15 48 9767
15 62 4615
15 68 8628
15 76 6336
15 82 9878
15 85 1751
15 89 6287
15 92 44
15 94 7832
16 17 8022
16 19 454
16 23 4585
16 27 8465
16 32 2195
16 38 790
16 49 6396
16 52 182
16 55 5252
16 60 3740
16 62 6872
16 67 8629
16 69 6948
16 71 740
16 86 391
16 87 3567
16 88 7154
16 94 4663
16 95 3370
17 21 612
17 22 3724
17 23 4916
17 36 5273
17 41 7830
17 46 825
17 49 1795
17 52 3311
17 59 9167
17 60 2761
17 69 3684
17 75 3256
17 76 758
17 78 1522
17 79 962
17 86 4879
17 91 7110
17 92 1544
17 99 5845
18 24 6095
18 34 5107
18 45 4130
18 47 5167
18 48 7221
18 59 3152
18 61 6292
18 62 1191
18 63 6694
18 73 3450
18 75 8867
18 83 9225
18 85 1620
18 93 5546
18 97 6783
19 22 1226
19 24 4693
19 26 5193
19 31 2815
19 34 2636
19 51 3405
19 53 655
19 54 9231
19 61 6347
19 63 2946
19 64 7578
19 68 2468
19 69 6943
19 91 7117
19 98 6063
19 99 2332
20 24 8582
20 25 550
20 31 7430
20 33 2847
20 40 9165
20 55 5258
20 59 8662
20 60 1553
20 67 722
20 70 1709
20 72 645
20 75 4976
20 83 4724
20 86 2459
20 87 2537
20 90 9416
20 98 6644
21 22 4252
21 25 4253
21 42 863
21 53 8556
21 55 9123
21 67 912
21 68 8088
21 69 1944
21 80 4204
21 82 9654
21 87 2982
21 90 8698
21 93 9129
22 23 8169
22 31 5539
22 36 146
22 44 4587
22 47 9359
22 49 3244
22 54 4954
22 55 4545
22 61 3195
22 63 4223
22 66 9362
22 69 2684
22 71 9579
22 72 3856
22 76 3721
22 83 2230
22 90 4561
22 93 6310
22 95 8250
23 26 3603
23 35 5266
23 39 8068
23 40 8178
23 50 6290
23 53 5766
23 59 638
23 62 2587
23 63 9580
23 64 9012
23 74 2234
23 78 69
23 81 5569
23 85 7033
23 87 5887
23 89 1603
23 94 4983
24 35 3446
24 37 1045
24 38 5161
24 41 6806
24 46 8613
24 58 5875
24 70 1469
24 73 4181
24 74 5103
24 85 7636
24 87 3456
24 90 8133
24 96 5810
25 30 4595
25 33 8592
25 34 6679
25 36 2707
25 44 3734
25 51 598
25 52 5523
25 54 1996
25 56 3342
25 58 2348
25 76 2336
25 80 4558
25 88 5113
25 92 7282
25 97 8684
26 28 5838
26 29 1831
26 33 5089
26 34 274
26 35 581
26 41 8359
26 43 7225
26 50 9689
26 66 9117
26 67 9938
26 71 5894
26 76 3364
26 94 5150
27 31 4737
27 38 603
27 44 8676
27 48 8342
27 51 2861
27 61 9035
27 62 6436
27 67 5847
27 70 5020
27 74 6904
27 75 5108
27 81 5094
28 29 3214
28 30 4716
28 33 7275
28 35 1429
28 51 1816
28 52 2735
28 54 1365
28 59 2443
28 66 429
28 67 4710
28 84 7199
28 90 517
28 95 931
28 96 7378
28 97 6849
28 99 366
29 32 6988
29 42 2864
29 46 9824
29 50 9613
29 59 1375
29 65 9125
29 67 6478
29 70 6470
29 74 6533
29 79 6512
29 86 3101
29 95 5824
30 33 3922
30 34 3176
30 44 7671
30 47 2911
30 51 81
30 60 7559
30 61 3021
30 69 4980
30 73 6174
30 78 6941
30 81 4864
30 86 7485
31 33 5963
31 41 3973
31 42 6909
31 48 5702
31 52 6318
31 54 3002
31 55 799
31 66 7443
31 69 5571
31 78 123
31 79 8809
31 83 2279
31 84 8900
31 95 3766
31 97 9166
32 38 4070
32 49 6548
32 51 5038
32 53 5882
32 61 6132
32 62 8767
32 72 768
32 74 827
32 76 3437
32 77 6981
32 82 3150
32 84 1849
32 93 5817
33 38 945
33 44 3285
33 47 5773
33 50 3509
33 53 3043
33 59 3664
33 60 1718
33 62 6149
33 63 249
33 70 1584
33 77 576
33 79 4153
33 85 7637
33 90 1468
33 92 1180
33 96 4498
34 39 4336
34 45 7740
34 51 168
34 60 9065
34 65 5520
34 66 2553
34 68 8802
34 80 5896
34 82 6420
34 89 9850
34 91 3849
34 92 3958
34 97 8211
35 37 2312
35 38 6417
35 39 3683
35 40 3971
35 47 2806
35 48 9004
35 53 1252
35 57 5856
35 59 9334
35 66 5288
35 70 3762
35 72 3876
35 73 9249
35 76 378
35 78 510
35 79 5927
35 81 969
35 84 8407
35 89 6692
35 99 3588
36 37 4598
36 40 5713
36 41 6309
36 45 3014
36 48 9502
36 54 2047
36 56 5205
36 57 6317
36 58 2943
36 61 2167
36 70 596
36 71 8291
36 72 3691
36 84 6158
36 94 2822
37 44 3749
37 49 7383
37 50 243
37 62 6135
37 63 6585
37 74 1616
37 76 1432
37 81 9895
37 84 9529
37 85 6808
37 86 372
37 97 2447
38 44 2313
38 53 9640
38 54 1519
38 57 9400
38 69 3619
38 77 8956
38 78 5444
38 79 8298
38 80 7892
38 84 7834
38 93 6560
38 97 6400
38 98 5307
39 50 3882
39 51 8996
39 53 6933
39 56 6041
39 57 8750
39 61 9705
39 63 115
39 70 37
39 71 3869
39 76 9934
39 77 5625
39 81 2716
39 93 5977
40 46 5133
40 48 9074
40 55 436
40 56 9645
40 65 9510
40 72 2840
40 75 1319
40 80 6471
40 88 979
40 89 1518
40 96 6582
41 44 5484
41 50 5474
41 58 7134
41 65 203
41 71 8925
41 72 2410
41 73 2708
41 75 9816
41 76 729
41 80 3035
41 84 3261
41 87 1862
41 88 973
41 90 5092
41 92 3720
41 93 1325
41 99 9402
42 46 6592
42 47 7414
42 55 8951
42 66 5997
42 69 2648
42 70 5880
42 77 8002
42 80 2088
42 89 8939
42 97 1635
43 44 4542
43 50 3763
43 61 7050
43 64 7012
43 68 2524
43 73 4279
43 76 342
43 79 2025
43 83 7277
43 92 3219
44 46 7983
44 47 7662
44 52 3277
44 53 8992
44 55 1645
44 92 1819
44 95 4950
44 97 4495
44 99 6039
45 46 3673
45 51 9836
45 52 3107
45 58 6625
45 62 2718
45 70 8619
45 71 2995
45 77 7205
45 86 6794
45 97 3671
46 54 1857
46 62 9267
46 66 7048
46 84 6360
46 91 7114
46 93 1740
47 52 1968
47 53 3169
47 58 6216
47 62 1822
47 64 9753
47 67 4812
47 69 247
47 72 1186
47 74 8303
47 75 8905
47 79 7369
47 80 9490
47 90 5922
47 97 9212
48 55 6982
48 56 68
48 66 280
48 80 7558
48 81 502
48 82 4115
48 84 122
48 87 1756
48 91 7406
48 96 7467
48 99 1315
49 55 8624
49 57 1139
49 59 1704
49 62 2994
49 63 7584
49 64 3742
49 68 1324
49 74 4924
49 75 9750
49 78 5233
49 80 2206
49 82 2355
49 85 5834
49 90 7476
49 93 2090
49 95 6883
50 55 9458
50 62 1703
50 64 1750
50 69 6542
50 71 9669
50 74 8084
50 93 263
50 94 4709
50 98 3507
51 55 9360
51 65 599
51 68 948
51 78 4949
51 91 1410
51 92 1636
51 93 7931
51 95 19
51 97 3927
52 53 7916
52 55 8270
52 57 1095
52 63 1154
52 64 9171
52 69 6574
52 75 9079
52 79 66
52 82 4358
52 83 8988
52 85 1618
52 93 6997
52 96 5346
53 54 7315
53 55 5881
53 56 9545
53 67 1505
53 72 8011
53 74 1800
53 81 1265
53 85 1980
53 90 2944
53 92 9221
53 94 4736
53 96 9592
54 65 5071
54 67 5823
54 71 8536
54 77 7765
54 87 5529
54 97 3353
54 98 5471
55 58 6463
55 59 4866
55 64 8338
55 83 1211
55 84 4442
55 90 2409
55 93 666
56 61 2106
56 64 6442
56 66 9673
56 71 377
56 74 724
56 96 4443
57 62 9335
57 65 960
57 70 73
57 72 6632
57 77 4335
57 85 34
57 87 2792
57 97 6393
58 59 6288
58 69 3365
58 70 2147
58 79 7801
58 80 2100
58 89 9618
59 63 8765
59 65 7528
59 71 1646
59 73 9779
59 76 5243
59 77 1614
59 85 6059
59 86 163
59 90 5292
59 93 7750
60 67 8189
60 68 6853
60 76 2245
60 77 3556
60 84 8998
60 85 4605
60 86 2831
60 87 5618
60 89 6882
60 91 2449
61 72 1914
62 63 996
62 65 3226
62 72 9045
62 75 522
62 79 8540
62 84 694
62 90 879
62 93 3224
62 94 7860
62 95 8625
62 99 6725
63 66 6660
63 68 8640
63 71 293
63 72 3974
63 77 9738
63 80 5295
63 92 2469
64 76 3835
64 96 8537
64 99 8503
65 68 4341
65 79 2486
66 72 1964
66 73 6432
66 77 3323
66 85 4238
66 92 5574
66 96 2074
66 99 4226
67 70 6415
67 77 6080
67 80 5285
67 98 6283
68 71 6844
68 74 8881
68 84 7728
68 88 7075
68 99 2176
69 70 9830
69 78 4910
69 79 2065
69 80 8164
69 87 2028
69 91 4623
69 94 438
70 82 4233
70 89 8039
70 95 6697
71 75 2117
71 84 1444
71 86 3081
71 92 3391
71 96 2053
71 99 7913
72 76 9576
72 78 9098
72 84 8753
72 90 9925
72 97 7382
72 99 5214
73 81 7300
73 84 2115
73 86 3299
73 92 8314
74 89 5592
74 95 5349
74 96 4966
74 99 8082
75 82 5248
75 83 1610
75 88 7865
75 90 8979
75 93 5596
76 81 509
76 94 1890
76 96 1301
76 98 190
76 99 8343
77 80 1811
77 82 8000
77 91 735
77 95 402
78 80 6124
78 83 3508
78 86 446
78 91 6466
78 93 7165
78 97 9395
78 98 9720
78 99 1003
79 83 2686
79 84 528
79 88 3989
79 97 8033
79 98 1177
80 98 9656
81 83 2377
81 85 2765
81 90 4700
81 91 2474
81 96 2644
81 97 2637
82 83 3144
82 84 8062
82 90 7301
82 95 1659
82 97 5509
83 89 1564
83 90 5544
83 98 4987
84 86 5605
84 89 7775
84 90 4444
84 92 7533
84 94 312
85 89 6143
85 93 9886
85 94 2901
85 98 5938
86 91 99
86 92 1538
86 95 5457
86 99 7553
87 92 8934
87 97 7323
88 93 3007
88 94 1626
88 95 5378
88 97 4500
88 99 6529
89 98 8601
90 93 9031
90 98 1696
91 97 3146
91 99 5390
92 93 3809
93 95 1350
93 96 3909
93 98 2400
